
 9  12  15  
 24  33  42  
 39  54  69  
 9  12  15  
 24  33  42  
 39  54  69  
 9  12  15  
 24  33  42  
 39  54  69  
 9  12  15  
 24  33  42  
 39  54  69  
 9  12  15  
 24  33  42  
 39  54  69  
 9  12  15  
 24  33  42  
 39  54  69  
 9  12  15  
 24  33  42  
 39  54  69  
 9  12  15  
 24  33  42  
 39  54  69  
 9  12  15  
 24  33  42  
 39  54  69  
 9  12  15  
 24  33  42  
 39  54  69  
 9  12  15  
 24  33  42  
 39  54  69  
 9  12  15  
 24  33  42  
 39  54  69  
 9  12  15  
 24  33  42  
 39  54  69  
 9  12  15  
 24  33  42  
 39  54  69  
 9  12  15  
 24  33  42  
 39  54  69  
 9  12  15  
 24  33  42  
 39  54  69  
 9  12  15  
 24  33  42  
 39  54  69  
 9  12  15  
 24  33  42  
 39  54  69  
 9  12  15  
 24  33  42  
 39  54  69  
 9  12  15  
 24  33  42  
 39  54  69  
 9  12  15  
 24  33  42  
 39  54  69  
 9  12  15  
 24  33  42  
 39  54  69  
 9  12  15  
 24  33  42  
 39  54  69  
 9  12  15  
 24  33  42  
 39  54  69  
 9  12  15  
 24  33  42  
 39  54  69  
 9  12  15  
 24  33  42  
 39  54  69  
 